function, code1, hexcode1, code2, hexcode2

"3D OFF","sendir,1:1,1,40000,1,1,96,24,48,24,48,24,48,24,48,24,24,24,24,24,48,24,48,24,48,24,48,24,24,24,48,24,48,24,48,24,24,816 ","0000 0067 0000 0010 0060 0018 0030 0018 0030 0018 0030 0018 0030 0018 0018 0018 0018 0018 0030 0018 0030 0018 0030 0018 0030 0018 0018 0018 0030 0018 0030 0018 0030 0018 0018 0330",,

"3D ON","sendir,1:1,1,40000,1,1,96,24,24,24,48,24,48,24,48,24,24,24,24,24,48,24,48,24,48,24,48,24,24,24,48,24,48,24,48,24,24,840 ","0000 0067 0000 0010 0060 0018 0018 0018 0030 0018 0030 0018 0030 0018 0018 0018 0018 0018 0030 0018 0030 0018 0030 0018 0030 0018 0018 0018 0030 0018 0030 0018 0030 0018 0018 0348",,

"3D TOGGLE","sendir,1:1,1,40000,1,1,96,24,48,24,24,24,48,24,48,24,24,24,24,24,48,24,48,24,48,24,48,24,24,24,48,24,48,24,48,24,24,741 ","0000 0068 0000 0010 0060 0018 0030 0018 0018 0018 0030 0018 0030 0018 0018 0018 0018 0018 0030 0018 0030 0018 0030 0018 0030 0018 0018 0018 0030 0018 0030 0018 0030 0018 0018 02E5",,

"ALARM","sendir,1:1,1,40000,1,1,96,24,48,24,48,24,24,24,24,24,48,24,24,24,48,24,48,24,24,24,24,24,24,24,24,1104 ","0000 0067 0000 000D 0060 0018 0030 0018 0030 0018 0018 0018 0018 0018 0030 0018 0018 0018 0030 0018 0030 0018 0018 0018 0018 0018 0018 0018 0018 0450",,

"ALTERNATE AUDIO","sendir,1:1,1,40000,1,1,96,24,48,24,48,24,48,24,48,24,48,24,24,24,24,24,24,24,48,24,24,24,48,24,48,24,24,24,48,24,24,24,48,24,48,24,24,24,24,24,24,483 ","0000 0068 0000 0015 0060 0018 0030 0018 0030 0018 0030 0018 0030 0018 0030 0018 0018 0018 0018 0018 0018 0018 0030 0018 0018 0018 0030 0018 0030 0018 0018 0018 0030 0018 0018 0018 0030 0018 0030 0018 0018 0018 0018 0018 0018 01E3",,

"ALTERNATE VIDEO","sendir,1:1,1,40000,1,1,96,24,24,24,48,24,48,24,48,24,48,24,24,24,24,24,24,24,48,24,24,24,48,24,48,24,24,24,48,24,24,24,48,24,48,24,24,24,24,24,24,507 ","0000 0068 0000 0015 0060 0018 0018 0018 0030 0018 0030 0018 0030 0018 0030 0018 0018 0018 0018 0018 0018 0018 0030 0018 0018 0018 0030 0018 0030 0018 0018 0018 0030 0018 0018 0018 0030 0018 0030 0018 0018 0018 0018 0018 0018 01FB",,

"AUDIO","sendir,1:1,1,40000,1,1,96,24,48,24,48,24,48,24,24,24,48,24,24,24,24,24,48,24,24,24,24,24,24,24,24,1004 ","0000 0068 0000 000D 0060 0018 0030 0018 0030 0018 0030 0018 0018 0018 0030 0018 0018 0018 0018 0018 0030 0018 0018 0018 0018 0018 0018 0018 0018 03EC",,

"AUTO PROGRAM CHANNEL SCAN","sendir,1:1,1,40000,1,1,96,24,48,24,48,24,24,24,48,24,24,24,48,24,48,24,48,24,24,24,24,24,24,24,24,1080 ","0000 0067 0000 000D 0060 0018 0030 0018 0030 0018 0018 0018 0030 0018 0018 0018 0030 0018 0030 0018 0030 0018 0018 0018 0018 0018 0018 0018 0018 0438",,

"BALANCE LEFT","sendir,1:1,1,40000,1,1,96,24,24,24,48,24,48,24,24,24,24,24,48,24,24,24,48,24,24,24,24,24,24,24,24,1106 ","0000 0068 0000 000d 0060 0018 0018 0018 0030 0018 0030 0018 0018 0018 0018 0018 0030 0018 0018 0018 0030 0018 0018 0018 0018 0018 0018 0018 0018 0452",,

"BALANCE RIGHT","sendir,1:1,1,40000,1,1,96,24,48,24,48,24,48,24,24,24,24,24,48,24,24,24,48,24,24,24,24,24,24,24,24,1106 ","0000 0068 0000 000d 0060 0018 0030 0018 0030 0018 0030 0018 0018 0018 0018 0018 0030 0018 0018 0018 0030 0018 0018 0018 0018 0018 0018 0018 0018 0452",,

"BASS DOWN","sendir,1:1,1,40000,1,1,96,24,48,24,48,24,24,24,24,24,48,24,48,24,48,24,48,24,24,24,24,24,24,24,24,1106 ","0000 0068 0000 000d 0060 0018 0030 0018 0030 0018 0018 0018 0018 0018 0030 0018 0030 0018 0030 0018 0030 0018 0018 0018 0018 0018 0018 0018 0018 0452",,

"BASS UP","sendir,1:1,1,40000,1,1,96,24,24,24,48,24,24,24,24,24,48,24,48,24,48,24,48,24,24,24,24,24,24,24,24,1106 ","0000 0068 0000 000d 0060 0018 0018 0018 0030 0018 0018 0018 0018 0018 0030 0018 0030 0018 0030 0018 0030 0018 0018 0018 0018 0018 0018 0018 0018 0452",,

"BIVL","sendir,1:1,1,40000,1,1,96,24,48,24,24,24,24,24,48,24,48,24,48,24,48,24,24,24,48,24,24,24,48,24,48,968 ","0000 0068 0000 000D 0060 0018 0030 0018 0018 0018 0018 0018 0030 0018 0030 0018 0030 0018 0030 0018 0018 0018 0030 0018 0018 0018 0030 0018 0030 03C8",,

"BRAVIA FORWARD","sendir,1:1,1,40000,1,1,96,23,23,23,23,23,47,23,47,23,47,23,23,23,23,23,47,23,47,23,47,23,23,23,47,23,23,23,23,23,47,795 ","0000 0068 0000 0010 0060 0017 0017 0017 0017 0017 002F 0017 002F 0017 002F 0017 0017 0017 0017 0017 002F 0017 002F 0017 002F 0017 0017 0017 002F 0017 0017 0017 0017 0017 002F 031B",,

"BRAVIA NEXT","sendir,1:1,1,40000,1,1,96,23,47,23,23,23,47,23,47,23,47,23,47,23,23,23,47,23,47,23,47,23,23,23,47,23,23,23,23,23,47,747 ","0000 0068 0000 0010 0060 0017 002F 0017 0017 0017 002F 0017 002F 0017 002F 0017 002F 0017 0017 0017 002F 0017 002F 0017 002F 0017 0017 0017 002F 0017 0017 0017 0017 0017 002F 02EB",,

"BRAVIA PLAY","sendir,1:1,1,40000,1,1,96,23,23,23,47,23,23,23,47,23,47,23,23,23,23,23,47,23,47,23,47,23,23,23,47,23,23,23,23,23,47,795 ","0000 0068 0000 0010 0060 0017 0017 0017 002F 0017 0017 0017 002F 0017 002F 0017 0017 0017 0017 0017 002F 0017 002F 0017 002F 0017 0017 0017 002F 0017 0017 0017 0017 0017 002F 031B",,

"BRAVIA PREVIOUS","sendir,1:1,1,40000,1,1,96,23,23,23,23,23,47,23,47,23,47,23,47,23,23,23,47,23,47,23,47,23,23,23,47,23,23,23,23,23,47,771 ","0000 0068 0000 0010 0060 0017 0017 0017 0017 0017 002F 0017 002F 0017 002F 0017 002F 0017 0017 0017 002F 0017 002F 0017 002F 0017 0017 0017 002F 0017 0017 0017 0017 0017 002F 0303",,

"BRAVIA REVERSE","sendir,1:1,1,40000,1,1,95,23,47,23,47,23,23,23,47,23,47,23,23,23,23,23,47,23,47,23,47,23,23,23,47,23,23,23,23,23,47,771 ","0000 0068 0000 0010 005F 0017 002F 0017 002F 0017 0017 0017 002F 0017 002F 0017 0017 0017 0017 0017 002F 0017 002F 0017 002F 0017 0017 0017 002F 0017 0017 0017 0017 0017 002F 0303",,

"BRAVIA STOP","sendir,1:1,1,40000,1,1,96,23,23,23,23,23,23,23,47,23,47,23,23,23,23,23,47,23,47,23,47,23,23,23,47,23,23,23,23,23,47,820 ","0000 0068 0000 0010 0060 0017 0017 0017 0017 0017 0017 0017 002F 0017 002F 0017 0017 0017 0017 0017 002F 0017 002F 0017 002F 0017 0017 0017 002F 0017 0017 0017 0017 0017 002F 0334",,

"BRAVIA SYNC MENU","sendir,1:1,1,40000,1,1,96,23,23,23,23,23,23,23,47,23,47,23,23,23,47,23,23,23,47,23,23,23,47,23,47,23,23,23,23,23,23,844 ","0000 0068 0000 0010 0060 0017 0017 0017 0017 0017 0017 0017 002F 0017 002F 0017 0017 0017 002F 0017 0017 0017 002F 0017 0017 0017 002F 0017 002F 0017 0017 0017 0017 0017 0017 034C",,

"BRAVIA THEATER","sendir,1:1,1,40000,1,1,96,23,23,23,23,23,23,23,23,23,23,23,47,23,47,23,47,23,47,23,47,23,23,23,47,23,47,23,47,23,23,795 ","0000 0068 0000 0010 0060 0017 0017 0017 0017 0017 0017 0017 0017 0017 0017 0017 002F 0017 002F 0017 002F 0017 002F 0017 002F 0017 0017 0017 002F 0017 002F 0017 002F 0017 0017 031B",,

"CC","sendir,1:1,1,40000,1,1,96,24,48,24,24,24,24,24,24,24,48,24,24,24,48,24,24,24,48,24,24,24,48,24,48,24,24,24,48,24,24,24,48,24,48,24,24,24,24,24,24,531 ","0000 0068 0000 0015 0060 0018 0030 0018 0018 0018 0018 0018 0018 0018 0030 0018 0018 0018 0030 0018 0018 0018 0030 0018 0018 0018 0030 0018 0030 0018 0018 0018 0030 0018 0018 0018 0030 0018 0030 0018 0018 0018 0018 0018 0018 0213",,

"CHANNEL ADD","sendir,1:1,1,40000,1,1,96,24,24,24,24,24,24,24,48,24,48,24,48,24,48,25,48,24,24,24,24,24,24,24,24,1006 ","0000 0068 0000 000d 0060 0018 0018 0018 0018 0018 0018 0018 0030 0018 0030 0018 0030 0018 0030 0019 0030 0018 0018 0018 0018 0018 0018 0018 0018 03ee",,

"CHANNEL DOWN","sendir,1:1,1,40000,1,1,96,24,48,24,24,24,24,24,24,24,48,24,24,24,24,24,48,24,24,24,24,24,24,24,24,1058 ","0000 0068 0000 000D 0060 0018 0030 0018 0018 0018 0018 0018 0018 0018 0030 0018 0018 0018 0018 0018 0030 0018 0018 0018 0018 0018 0018 0018 0018 0422",,

"CHANNEL ERASE","sendir,1:1,1,40000,1,1,96,24,48,24,24,24,24,24,48,24,48,24,48,24,48,25,48,24,24,24,24,24,24,24,24,982 ","0000 0068 0000 000d 0060 0018 0030 0018 0018 0018 0018 0018 0030 0018 0030 0018 0030 0018 0030 0019 0030 0018 0018 0018 0018 0018 0018 0018 0018 03d6",,

"CHANNEL UP","sendir,1:1,1,40000,1,1,96,24,24,24,24,24,24,24,24,24,48,24,24,24,24,24,48,24,24,24,24,24,24,24,24,1080 ","0000 0068 0000 000D 0060 0018 0018 0018 0018 0018 0018 0018 0018 0018 0030 0018 0018 0018 0018 0018 0030 0018 0018 0018 0018 0018 0018 0018 0018 0438",,

"CLOCK SET","sendir,1:1,1,40000,1,1,96,24,48,24,24,24,48,24,24,24,48,24,48,24,24,24,48,24,24,24,24,24,24,24,24,1104 ","0000 0067 0000 000D 0060 0018 0030 0018 0018 0018 0030 0018 0018 0018 0030 0018 0030 0018 0018 0018 0030 0018 0018 0018 0018 0018 0018 0018 0018 0450",,

"CURSOR DOWN","sendir,1:1,1,40000,1,1,96,24,48,24,24,24,48,24,24,24,48,24,48,24,48,24,48,24,24,24,24,24,24,24,24,990 ","0000 0068 0000 000d 0060 0018 0030 0018 0018 0018 0030 0018 0018 0018 0030 0018 0030 0018 0030 0018 0030 0018 0018 0018 0018 0018 0018 0018 0018 03de",,

"CURSOR ENTER","sendir,1:1,1,40000,1,1,96,24,48,24,24,24,48,24,24,24,24,24,48,24,48,24,48,24,24,24,24,24,24,24,24,1001 ","0000 0068 0000 000D 0060 0018 0030 0018 0018 0018 0030 0018 0018 0018 0018 0018 0030 0018 0030 0018 0030 0018 0018 0018 0018 0018 0018 0018 0018 03E9",,

"CURSOR LEFT","sendir,1:1,1,40000,1,1,96,24,24,24,24,24,48,24,24,24,48,24,48,24,24,24,48,24,24,24,24,24,24,24,24,1035 ","0000 0068 0000 000d 0060 0018 0018 0018 0018 0018 0030 0018 0018 0018 0030 0018 0030 0018 0018 0018 0030 0018 0018 0018 0018 0018 0018 0018 0018 040b",,

"CURSOR RIGHT","sendir,1:1,1,40000,1,1,96,24,48,24,48,24,24,24,24,24,48,24,48,24,24,24,48,24,24,24,24,24,24,24,24,1013 ","0000 0068 0000 000d 0060 0018 0030 0018 0030 0018 0018 0018 0018 0018 0030 0018 0030 0018 0018 0018 0030 0018 0018 0018 0018 0018 0018 0018 0018 03f5",,

"CURSOR UP","sendir,1:1,1,40000,1,1,96,24,24,24,24,24,48,24,24,24,48,24,48,24,48,24,48,24,24,24,24,24,24,24,24,1013 ","0000 0068 0000 000d 0060 0018 0018 0018 0018 0018 0030 0018 0018 0018 0030 0018 0030 0018 0030 0018 0030 0018 0018 0018 0018 0018 0018 0018 0018 03f5",,

"DIGIT 0","sendir,1:1,1,40000,1,1,96,24,48,24,24,24,24,24,48,24,24,24,24,24,24,24,48,24,24,24,24,24,24,24,24,1058 ","0000 0068 0000 000d 0060 0018 0030 0018 0018 0018 0018 0018 0030 0018 0018 0018 0018 0018 0018 0018 0030 0018 0018 0018 0018 0018 0018 0018 0018 0422",,

"DIGIT 1","sendir,1:1,1,40000,1,1,97,24,24,24,24,24,24,24,24,24,24,24,24,24,24,24,48,24,24,24,24,24,24,24,24,1125 ","0000 0068 0000 000d 0061 0018 0018 0018 0018 0018 0018 0018 0018 0018 0018 0018 0018 0018 0018 0018 0030 0018 0018 0018 0018 0018 0018 0018 0018 0465",,

"DIGIT 2","sendir,1:1,1,40000,1,1,97,24,48,24,24,24,24,24,24,24,24,24,24,24,24,24,48,24,24,24,24,24,24,24,24,1080 ","0000 0068 0000 000d 0061 0018 0030 0018 0018 0018 0018 0018 0018 0018 0018 0018 0018 0018 0018 0018 0030 0018 0018 0018 0018 0018 0018 0018 0018 0438",,

"DIGIT 3","sendir,1:1,1,40000,1,1,97,24,24,24,48,24,24,24,24,24,24,24,24,24,24,24,48,24,24,24,24,24,24,24,24,1080 ","0000 0068 0000 000d 0061 0018 0018 0018 0030 0018 0018 0018 0018 0018 0018 0018 0018 0018 0018 0018 0030 0018 0018 0018 0018 0018 0018 0018 0018 0438",,

"DIGIT 4","sendir,1:1,1,40000,1,1,97,24,48,24,48,24,24,24,24,24,24,24,24,24,24,24,48,24,24,24,24,24,24,24,24,1058 ","0000 0068 0000 000d 0061 0018 0030 0018 0030 0018 0018 0018 0018 0018 0018 0018 0018 0018 0018 0018 0030 0018 0018 0018 0018 0018 0018 0018 0018 0422",,

"DIGIT 5","sendir,1:1,1,40000,1,1,96,24,24,24,24,24,48,24,24,24,24,24,24,24,24,24,48,24,24,24,24,24,24,24,24,1080 ","0000 0068 0000 000d 0060 0018 0018 0018 0018 0018 0030 0018 0018 0018 0018 0018 0018 0018 0018 0018 0030 0018 0018 0018 0018 0018 0018 0018 0018 0438",,

"DIGIT 6","sendir,1:1,1,40000,1,1,96,24,48,24,24,24,48,24,24,24,24,24,24,24,24,24,48,24,24,24,24,24,24,24,24,1058 ","0000 0068 0000 000d 0060 0018 0030 0018 0018 0018 0030 0018 0018 0018 0018 0018 0018 0018 0018 0018 0030 0018 0018 0018 0018 0018 0018 0018 0018 0422",,

"DIGIT 7","sendir,1:1,1,40000,1,1,96,24,24,24,48,24,48,24,24,24,24,24,24,24,24,24,48,24,24,24,24,24,24,24,24,1058 ","0000 0068 0000 000d 0060 0018 0018 0018 0030 0018 0030 0018 0018 0018 0018 0018 0018 0018 0018 0018 0030 0018 0018 0018 0018 0018 0018 0018 0018 0422",,

"DIGIT 8","sendir,1:1,1,40000,1,1,96,24,48,24,48,24,48,24,24,24,24,24,24,24,24,24,48,24,24,24,24,24,24,24,24,1035 ","0000 0068 0000 000d 0060 0018 0030 0018 0030 0018 0030 0018 0018 0018 0018 0018 0018 0018 0018 0018 0030 0018 0018 0018 0018 0018 0018 0018 0018 040b",,

"DIGIT 9","sendir,1:1,1,40000,1,1,96,24,24,24,24,24,24,24,48,24,24,24,24,24,24,24,48,24,24,24,24,24,24,24,24,1080 ","0000 0068 0000 000d 0060 0018 0018 0018 0018 0018 0018 0018 0030 0018 0018 0018 0018 0018 0018 0018 0030 0018 0018 0018 0018 0018 0018 0018 0018 0438",,

"DIGIT SEPARATOR","sendir,1:1,1,40000,1,1,96,24,48,24,24,24,48,24,48,24,48,24,24,24,24,24,48,24,48,24,48,24,24,24,48,24,24,24,24,24,48,770 ","0000 0068 0000 0010 0060 0018 0030 0018 0018 0018 0030 0018 0030 0018 0030 0018 0018 0018 0018 0018 0030 0018 0030 0018 0030 0018 0018 0018 0030 0018 0018 0018 0018 0018 0030 0302",,

"DISCOVER","sendir,1:1,1,40000,1,1,96,24,48,24,48,24,24,24,24,24,48,24,48,24,48,24,24,24,48,24,24,24,48,24,48,24,24,24,24,24,24,789 ","0000 0068 0000 0010 0060 0018 0030 0018 0030 0018 0018 0018 0018 0018 0030 0018 0030 0018 0030 0018 0018 0018 0030 0018 0018 0018 0030 0018 0030 0018 0018 0018 0018 0018 0018 0315",,

"DISPLAY","sendir,1:1,1,40000,1,1,96,24,24,24,48,24,24,24,48,24,48,24,48,24,24,24,24,24,48,24,24,24,48,24,48,24,24,24,48,24,24,24,48,24,48,24,24,24,24,24,24,507 ","0000 0068 0000 0015 0060 0018 0018 0018 0030 0018 0018 0018 0030 0018 0030 0018 0030 0018 0018 0018 0018 0018 0030 0018 0018 0018 0030 0018 0030 0018 0018 0018 0030 0018 0018 0018 0030 0018 0030 0018 0018 0018 0018 0018 0018 01FB",,

"DME X BRAVIA MODULE","sendir,1:1,1,40000,1,1,95,23,48,23,48,23,23,23,48,23,23,23,48,23,48,23,23,23,48,23,23,23,48,23,48,23,23,23,23,23,23,793 ","0000 0068 0000 0010 005F 0017 0030 0017 0030 0017 0017 0017 0030 0017 0017 0017 0030 0017 0030 0017 0017 0017 0030 0017 0017 0017 0030 0017 0030 0017 0017 0017 0017 0017 0017 0319",,

"DRC MODE","sendir,1:1,1,40000,1,1,95,23,47,23,23,23,23,23,47,23,47,23,47,23,23,23,47,23,47,23,47,23,23,23,47,23,47,23,47,23,23,747 ","0000 0068 0000 0010 005F 0017 002F 0017 0017 0017 0017 0017 002F 0017 002F 0017 002F 0017 0017 0017 002F 0017 002F 0017 002F 0017 0017 0017 002F 0017 002F 0017 002F 0017 0017 02EB",,

"DRC PALLETTE","sendir,1:1,1,40000,1,1,95,23,23,23,23,23,47,23,47,23,47,23,23,23,23,23,47,23,47,23,47,23,23,23,47,23,47,23,47,23,23,771 ","0000 0068 0000 0010 005F 0017 0017 0017 0017 0017 002F 0017 002F 0017 002F 0017 0017 0017 0017 0017 002F 0017 002F 0017 002F 0017 0017 0017 002F 0017 002F 0017 002F 0017 0017 0303",,

"ENTER","sendir,1:1,1,40000,1,1,96,24,48,24,48,24,24,24,48,24,24,24,24,24,24,24,48,24,24,24,24,24,24,24,24,1038 ","0000 0068 0000 000D 0060 0018 0030 0018 0030 0018 0018 0018 0030 0018 0018 0018 0018 0018 0018 0018 0030 0018 0018 0018 0018 0018 0018 0018 0018 040E",,

"EXIT","sendir,1:1,1,40000,1,1,96,24,48,24,48,24,24,24,24,24,24,24,48,24,48,24,48,24,24,24,24,24,24,24,24,1104 ","0000 0067 0000 000D 0060 0018 0030 0018 0030 0018 0018 0018 0018 0018 0018 0018 0030 0018 0030 0018 0030 0018 0018 0018 0018 0018 0018 0018 0018 0450",,

"FAVORITE","sendir,1:1,1,40000,1,1,96,24,24,24,48,24,48,24,24,24,48,24,48,24,48,24,48,24,48,24,48,24,24,24,48,24,48,24,48,24,24,728 ","0000 0068 0000 0010 0060 0018 0018 0018 0030 0018 0030 0018 0018 0018 0030 0018 0030 0018 0030 0018 0030 0018 0030 0018 0030 0018 0018 0018 0030 0018 0030 0018 0030 0018 0018 02D8",,

"FOOTBALL","sendir,1:1,1,40000,1,1,96,24,24,24,48,24,48,24,24,24,48,24,48,24,48,24,24,24,48,24,24,24,48,24,48,24,24,24,24,24,24,789 ","0000 0068 0000 0010 0060 0018 0018 0018 0030 0018 0030 0018 0018 0018 0030 0018 0030 0018 0030 0018 0018 0018 0030 0018 0018 0018 0030 0018 0030 0018 0018 0018 0018 0018 0018 0315",,

"FORMAT 16:9","sendir,1:1,1,40000,1,1,96,24,48,24,24,24,48,24,24,24,24,24,24,24,48,24,24,24,24,24,48,24,24,24,24,24,48,24,24,24,48,833 ","0000 0068 0000 0010 0060 0018 0030 0018 0018 0018 0030 0018 0018 0018 0018 0018 0018 0018 0030 0018 0018 0018 0018 0018 0030 0018 0018 0018 0018 0018 0030 0018 0018 0018 0030 0341",,

"FORMAT FULL","sendir,1:1,1,40000,1,1,96,24,48,24,48,24,24,24,48,24,48,24,48,24,24,24,24,24,24,24,48,24,24,24,24,24,48,24,24,24,48,788 ","0000 0068 0000 0010 0060 0018 0030 0018 0030 0018 0018 0018 0030 0018 0030 0018 0030 0018 0018 0018 0018 0018 0018 0018 0030 0018 0018 0018 0018 0018 0030 0018 0018 0018 0030 0314",,

"FORMAT FULL NORMAL TOGGLE","sendir,1:1,1,40000,1,1,96,24,48,24,48,24,24,24,48,24,48,24,48,24,24,24,24,24,24,24,48,24,24,24,24,24,48,24,24,24,48,788 ","0000 0068 0000 0010 0060 0018 0030 0018 0030 0018 0018 0018 0030 0018 0030 0018 0030 0018 0018 0018 0018 0018 0018 0018 0030 0018 0018 0018 0018 0018 0030 0018 0018 0018 0030 0314",,

"FORMAT NORMAL","sendir,1:1,1,40000,1,1,96,24,48,24,24,24,24,24,24,24,48,24,48,24,24,24,24,24,24,24,48,24,24,24,24,24,48,24,24,24,48,833 ","0000 0068 0000 0010 0060 0018 0030 0018 0018 0018 0018 0018 0018 0018 0030 0018 0030 0018 0018 0018 0018 0018 0018 0018 0030 0018 0018 0018 0018 0018 0030 0018 0018 0018 0030 0341",,

"FORMAT SCROLL","sendir,1:1,1,40000,1,1,96,24,48,24,24,24,48,24,48,24,48,24,48,24,24,24,24,24,24,24,48,24,24,24,24,24,48,24,24,24,48,24 ","0000 0068 0010 0000 0060 0018 0030 0018 0018 0018 0030 0018 0030 0018 0030 0018 0030 0018 0018 0018 0018 0018 0018 0018 0030 0018 0018 0018 0018 0018 0030 0018 0018 0018 0030 0018",,

"FORMAT WIDE ZOOM","sendir,1:1,1,40000,1,1,96,24,24,24,48,24,24,24,24,24,24,24,24,24,48,24,24,24,24,24,48,24,24,24,24,24,48,24,24,24,48,855 ","0000 0068 0000 0010 0060 0018 0018 0018 0030 0018 0018 0018 0018 0018 0018 0018 0018 0018 0030 0018 0018 0018 0018 0018 0030 0018 0018 0018 0018 0018 0030 0018 0018 0018 0030 0357",,

"FORWARD","sendir,1:1,1,40000,1,1,96,23,23,23,23,23,47,23,47,23,47,23,23,23,23,23,47,23,47,23,47,23,23,23,47,23,23,23,23,23,47,796 ","0000 0068 0000 0010 0060 0017 0017 0017 0017 0017 002F 0017 002F 0017 002F 0017 0017 0017 0017 0017 002F 0017 002F 0017 002F 0017 0017 0017 002F 0017 0017 0017 0017 0017 002F 031C",,

"FREEZE","sendir,1:1,1,40000,1,1,96,24,24,24,24,24,48,24,48,24,48,24,24,24,48,24,48,24,24,24,24,24,24,24,24,1104 ","0000 0067 0000 000D 0060 0018 0018 0018 0018 0018 0030 0018 0030 0018 0030 0018 0018 0018 0030 0018 0030 0018 0018 0018 0018 0018 0018 0018 0018 0450",,

"FUNCTION 1","sendir,1:1,1,40000,1,1,96,24,24,24,48,24,48,24,48,24,24,24,48,24,48,24,24,24,24,24,48,24,24,24,24,24,48,24,24,24,48,794 ","0000 0068 0000 0010 0060 0018 0018 0018 0030 0018 0030 0018 0030 0018 0018 0018 0030 0018 0030 0018 0018 0018 0018 0018 0030 0018 0018 0018 0018 0018 0030 0018 0018 0018 0030 031A",,

"FUNCTION 2","sendir,1:1,1,40000,1,1,96,24,24,24,24,24,48,24,24,24,48,24,48,24,48,24,24,24,24,24,48,24,24,24,24,24,48,24,24,24,48,818 ","0000 0068 0000 0010 0060 0018 0018 0018 0018 0018 0030 0018 0018 0018 0030 0018 0030 0018 0030 0018 0018 0018 0018 0018 0030 0018 0018 0018 0018 0018 0030 0018 0018 0018 0030 0332",,

"FUNCTION 3","sendir,1:1,1,40000,1,1,96,24,48,24,48,24,48,24,24,24,48,24,48,24,48,24,24,24,24,24,48,24,24,24,24,24,48,24,24,24,48,771 ","0000 0068 0000 0010 0060 0018 0030 0018 0030 0018 0030 0018 0018 0018 0030 0018 0030 0018 0030 0018 0018 0018 0018 0018 0030 0018 0018 0018 0018 0018 0030 0018 0018 0018 0030 0303",,

"FUNCTION 4","sendir,1:1,1,40000,1,1,96,24,48,24,48,24,24,24,48,24,48,24,24,24,48,24,48,24,24,24,24,24,24,24,24,985 ","0000 0068 0000 000D 0060 0018 0030 0018 0030 0018 0018 0018 0030 0018 0030 0018 0018 0018 0030 0018 0030 0018 0018 0018 0018 0018 0018 0018 0018 03D9",,

"FUNCTION 5","sendir,1:1,1,40000,1,1,96,24,48,24,48,24,24,24,24,24,24,24,48,24,48,24,24,24,24,24,48,24,24,24,24,24,48,24,24,24,48,818 ","0000 0068 0000 0010 0060 0018 0030 0018 0030 0018 0018 0018 0018 0018 0018 0018 0030 0018 0030 0018 0018 0018 0018 0018 0030 0018 0018 0018 0018 0018 0030 0018 0018 0018 0030 0332",,

"FUNCTION BLUE","sendir,1:1,1,40000,1,1,96,23,23,23,23,23,47,23,23,23,23,23,47,23,23,23,47,23,47,23,47,23,23,23,47,23,23,23,23,23,47,820 ","0000 0068 0000 0010 0060 0017 0017 0017 0017 0017 002F 0017 0017 0017 0017 0017 002F 0017 0017 0017 002F 0017 002F 0017 002F 0017 0017 0017 002F 0017 0017 0017 0017 0017 002F 0334",,

"FUNCTION GREEN","sendir,1:1,1,40000,1,1,96,23,23,23,47,23,47,23,23,23,23,23,47,23,23,23,47,23,47,23,47,23,23,23,47,23,23,23,23,23,47,796 ","0000 0068 0000 0010 0060 0017 0017 0017 002F 0017 002F 0017 0017 0017 0017 0017 002F 0017 0017 0017 002F 0017 002F 0017 002F 0017 0017 0017 002F 0017 0017 0017 0017 0017 002F 031C",,

"FUNCTION RED","sendir,1:1,1,40000,1,1,96,23,47,23,23,23,47,23,23,23,23,23,47,23,23,23,47,23,47,23,47,23,23,23,47,23,23,23,23,23,47,796 ","0000 0068 0000 0010 0060 0017 002F 0017 0017 0017 002F 0017 0017 0017 0017 0017 002F 0017 0017 0017 002F 0017 002F 0017 002F 0017 0017 0017 002F 0017 0017 0017 0017 0017 002F 031C",,

"FUNCTION YELLOW","sendir,1:1,1,40000,1,1,96,23,47,23,47,23,47,23,23,23,23,23,47,23,23,23,47,23,47,23,47,23,23,23,47,23,23,23,23,23,47,772 ","0000 0068 0000 0010 0060 0017 002F 0017 002F 0017 002F 0017 0017 0017 0017 0017 002F 0017 0017 0017 002F 0017 002F 0017 002F 0017 0017 0017 002F 0017 0017 0017 0017 0017 002F 0304",,

"GUIDE","sendir,1:1,1,40000,1,1,96,23,23,23,47,23,47,23,47,23,23,23,23,23,23,23,47,23,23,23,23,23,23,23,23,1036 ","0000 0068 0000 000D 0060 0017 0017 0017 002F 0017 002F 0017 002F 0017 0017 0017 0017 0017 0017 0017 002F 0017 0017 0017 0017 0017 0017 0017 0017 040C",,

"GUIDE ALTERNATE","sendir,1:1,1,40000,1,1,95,24,48,24,48,24,24,24,48,24,48,24,24,24,48,24,24,24,24,24,48,24,24,24,24,24,48,24,24,24,48,788 ","0000 0068 0000 0010 005F 0018 0030 0018 0030 0018 0018 0018 0030 0018 0030 0018 0018 0018 0030 0018 0018 0018 0018 0018 0030 0018 0018 0018 0018 0018 0030 0018 0018 0018 0030 0314",,

"I MANUAL","sendir,1:1,1,40000,1,1,95,23,47,23,47,23,23,23,47,23,47,23,47,23,47,23,23,23,47,23,23,23,47,23,47,23,23,23,23,23,23,750 ","0000 0068 0000 0010 005F 0017 002F 0017 002F 0017 0017 0017 002F 0017 002F 0017 002F 0017 002F 0017 0017 0017 002F 0017 0017 0017 002F 0017 002F 0017 0017 0017 0017 0017 0017 02EE",,

"INFO","sendir,1:1,1,40000,1,1,95,24,24,24,48,24,24,24,48,24,48,24,48,24,24,24,48,24,24,24,24,25,24,24,24,1005 ","0000 0068 0000 000D 005F 0018 0018 0018 0030 0018 0018 0018 0030 0018 0030 0018 0030 0018 0018 0018 0030 0018 0018 0018 0018 0019 0018 0018 0018 03ED",,

"INPUT ANTENNA","sendir,1:1,1,40000,1,1,97,24,24,24,24,24,48,24,24,24,24,24,48,24,24,24,48,24,24,24,24,24,24,24,24,1058 ","0000 0068 0000 000d 0061 0018 0018 0018 0018 0018 0030 0018 0018 0018 0018 0018 0030 0018 0018 0018 0030 0018 0018 0018 0018 0018 0018 0018 0018 0422",,

"INPUT HD 1","sendir,1:1,1,40000,1,1,96,24,24,24,48,24,48,24,24,24,48,24,48,24,24,24,24,24,24,24,48,24,24,24,24,24,48,24,24,24,48,912 ","0000 0067 0000 0010 0060 0018 0018 0018 0030 0018 0030 0018 0018 0018 0030 0018 0030 0018 0018 0018 0018 0018 0018 0018 0030 0018 0018 0018 0018 0018 0030 0018 0018 0018 0030 0390",,

"INPUT HD 1 (2010)","sendir,1:1,1,40000,1,1,96,24,24,24,48,24,48,24,24,24,48,24,48,24,24,24,24,24,24,24,48,24,24,24,24,24,48,24,24,24,48,912 ","0000 0067 0000 0010 0060 0018 0018 0018 0030 0018 0030 0018 0018 0018 0030 0018 0030 0018 0018 0018 0018 0018 0018 0018 0030 0018 0018 0018 0018 0018 0030 0018 0018 0018 0030 0390",,

"INPUT HD 1 (2011)","sendir,1:1,1,40000,1,1,96,24,24,24,48,24,48,24,24,24,48,24,48,24,24,24,24,24,24,24,48,24,24,24,24,24,48,24,24,24,48,912 ","0000 0067 0000 0010 0060 0018 0018 0018 0030 0018 0030 0018 0018 0018 0030 0018 0030 0018 0018 0018 0018 0018 0018 0018 0030 0018 0018 0018 0018 0018 0030 0018 0018 0018 0030 0390",,

"INPUT HD 1 COMPONENT","sendir,1:1,1,40000,1,1,96,24,24,24,48,24,48,24,24,24,48,24,48,24,24,24,24,24,24,24,48,24,24,24,24,24,48,24,24,24,48,824 ","0000 0068 0000 0010 0060 0018 0018 0018 0030 0018 0030 0018 0018 0018 0030 0018 0030 0018 0018 0018 0018 0018 0018 0018 0030 0018 0018 0018 0018 0018 0030 0018 0018 0018 0030 0338",,

"INPUT HD 2","sendir,1:1,1,40000,1,1,96,24,48,24,48,24,48,24,24,24,48,24,48,24,24,24,24,24,24,24,48,24,24,24,24,24,48,24,24,24,48,888 ","0000 0067 0000 0010 0060 0018 0030 0018 0030 0018 0030 0018 0018 0018 0030 0018 0030 0018 0018 0018 0018 0018 0018 0018 0030 0018 0018 0018 0018 0018 0030 0018 0018 0018 0030 0378",,

"INPUT HD 2 (2010)","sendir,1:1,1,40000,1,1,96,24,48,24,48,24,48,24,24,24,48,24,48,24,24,24,24,24,24,24,48,24,24,24,24,24,48,24,24,24,48,888 ","0000 0067 0000 0010 0060 0018 0030 0018 0030 0018 0030 0018 0018 0018 0030 0018 0030 0018 0018 0018 0018 0018 0018 0018 0030 0018 0018 0018 0018 0018 0030 0018 0018 0018 0030 0378",,

"INPUT HD 2 (2011)","sendir,1:1,1,40000,1,1,96,24,48,24,48,24,48,24,24,24,48,24,48,24,24,24,24,24,24,24,48,24,24,24,24,24,48,24,24,24,48,888 ","0000 0067 0000 0010 0060 0018 0030 0018 0030 0018 0030 0018 0018 0018 0030 0018 0030 0018 0018 0018 0018 0018 0018 0018 0030 0018 0018 0018 0018 0018 0030 0018 0018 0018 0030 0378",,

"INPUT HD 2 COMPONENT","sendir,1:1,1,40000,1,1,96,24,48,24,48,24,48,24,24,24,48,24,48,24,24,24,24,24,24,24,48,24,24,24,24,24,48,24,24,24,48,806 ","0000 0068 0000 0010 0060 0018 0030 0018 0030 0018 0030 0018 0018 0018 0030 0018 0030 0018 0018 0018 0018 0018 0018 0018 0030 0018 0018 0018 0018 0018 0030 0018 0018 0018 0030 0326",,

"INPUT HDMI 1","sendir,1:1,1,40000,1,1,96,24,24,24,48,24,24,24,48,24,48,24,24,24,48,24,24,24,48,24,24,24,48,24,48,24,24,24,24,24,24,824 ","0000 0068 0000 0010 0060 0018 0018 0018 0030 0018 0018 0018 0030 0018 0030 0018 0018 0018 0030 0018 0018 0018 0030 0018 0018 0018 0030 0018 0030 0018 0018 0018 0018 0018 0018 0338",,

"INPUT HDMI 1 (2010)","sendir,1:1,1,40000,1,1,96,24,24,24,48,24,24,24,48,24,48,24,24,24,48,24,24,24,48,24,24,24,48,24,48,1056 ","0000 0067 0000 000D 0060 0018 0018 0018 0030 0018 0018 0018 0030 0018 0030 0018 0018 0018 0030 0018 0018 0018 0030 0018 0018 0018 0030 0018 0030 0420",,

"INPUT HDMI 1 (2011)","sendir,1:1,1,40000,1,1,96,24,24,24,48,24,24,24,48,24,48,24,24,24,48,24,24,24,48,24,24,24,48,24,48,1056 ","0000 0067 0000 000D 0060 0018 0018 0018 0030 0018 0018 0018 0030 0018 0030 0018 0018 0018 0030 0018 0018 0018 0030 0018 0018 0018 0030 0018 0030 0420",,

"INPUT HDMI 1 ALTERNATE","sendir,1:1,1,40000,1,1,96,24,24,24,48,24,24,24,48,24,48,24,24,24,48,24,24,24,48,24,24,24,48,24,48,1056 ","0000 0067 0000 000D 0060 0018 0018 0018 0030 0018 0018 0018 0030 0018 0030 0018 0018 0018 0030 0018 0018 0018 0030 0018 0018 0018 0030 0018 0030 0420",,

"INPUT HDMI 2","sendir,1:1,1,40000,1,1,96,24,48,24,48,24,24,24,48,24,48,24,24,24,48,24,24,24,48,24,24,24,48,24,48,24,24,24,24,24,24,806 ","0000 0068 0000 0010 0060 0018 0030 0018 0030 0018 0018 0018 0030 0018 0030 0018 0018 0018 0030 0018 0018 0018 0030 0018 0018 0018 0030 0018 0030 0018 0018 0018 0018 0018 0018 0326",,

"INPUT HDMI 2 (2010)","sendir,1:1,1,40000,1,1,96,24,48,24,48,24,24,24,48,24,48,24,24,24,48,24,24,24,48,24,24,24,48,24,48,1032 ","0000 0067 0000 000D 0060 0018 0030 0018 0030 0018 0018 0018 0030 0018 0030 0018 0018 0018 0030 0018 0018 0018 0030 0018 0018 0018 0030 0018 0030 0408",,

"INPUT HDMI 2 (2011)","sendir,1:1,1,40000,1,1,96,24,48,24,48,24,24,24,48,24,48,24,24,24,48,24,24,24,48,24,24,24,48,24,48,1032 ","0000 0067 0000 000D 0060 0018 0030 0018 0030 0018 0018 0018 0030 0018 0030 0018 0018 0018 0030 0018 0018 0018 0030 0018 0018 0018 0030 0018 0030 0408",,

"INPUT HDMI 2 ALTERNATE","sendir,1:1,1,40000,1,1,96,24,48,24,48,24,24,24,48,24,48,24,24,24,48,24,24,24,48,24,24,24,48,24,48,1032 ","0000 0067 0000 000D 0060 0018 0030 0018 0030 0018 0018 0018 0030 0018 0030 0018 0018 0018 0030 0018 0018 0018 0030 0018 0018 0018 0030 0018 0030 0408",,

"INPUT HDMI 3","sendir,1:1,1,40000,1,1,96,24,24,24,24,24,48,24,48,24,48,24,24,24,48,24,24,24,48,24,24,24,48,24,48,24,24,24,24,24,24,824 ","0000 0068 0000 0010 0060 0018 0018 0018 0018 0018 0030 0018 0030 0018 0030 0018 0018 0018 0030 0018 0018 0018 0030 0018 0018 0018 0030 0018 0030 0018 0018 0018 0018 0018 0018 0338",,

"INPUT HDMI 3 (2010)","sendir,1:1,1,40000,1,1,96,24,24,24,24,24,48,24,48,24,48,24,24,24,48,24,24,24,48,24,24,24,48,24,48,1056 ","0000 0067 0000 000D 0060 0018 0018 0018 0018 0018 0030 0018 0030 0018 0030 0018 0018 0018 0030 0018 0018 0018 0030 0018 0018 0018 0030 0018 0030 0420",,

"INPUT HDMI 3 (2011)","sendir,1:1,1,40000,1,1,96,24,24,24,24,24,48,24,48,24,48,24,24,24,48,24,24,24,48,24,24,24,48,24,48,1056 ","0000 0067 0000 000D 0060 0018 0018 0018 0018 0018 0030 0018 0030 0018 0030 0018 0018 0018 0030 0018 0018 0018 0030 0018 0018 0018 0030 0018 0030 0420",,

"INPUT HDMI 3 ALTERNATE","sendir,1:1,1,40000,1,1,96,24,24,24,24,24,48,24,48,24,48,24,24,24,48,24,24,24,48,24,24,24,48,24,48,1056 ","0000 0067 0000 000D 0060 0018 0018 0018 0018 0018 0030 0018 0030 0018 0030 0018 0018 0018 0030 0018 0018 0018 0030 0018 0018 0018 0030 0018 0030 0420",,

"INPUT HDMI 4","sendir,1:1,1,40000,1,1,96,24,48,24,24,24,48,24,48,24,48,24,24,24,48,24,24,24,48,24,24,24,48,24,48,24,24,24,24,24,24,806 ","0000 0068 0000 0010 0060 0018 0030 0018 0018 0018 0030 0018 0030 0018 0030 0018 0018 0018 0030 0018 0018 0018 0030 0018 0018 0018 0030 0018 0030 0018 0018 0018 0018 0018 0018 0326",,

"INPUT HDMI 4 (2010)","sendir,1:1,1,40000,1,1,96,24,48,24,24,24,48,24,48,24,48,24,24,24,48,24,24,24,48,24,24,24,48,24,48,1032 ","0000 0067 0000 000D 0060 0018 0030 0018 0018 0018 0030 0018 0030 0018 0030 0018 0018 0018 0030 0018 0018 0018 0030 0018 0018 0018 0030 0018 0030 0408",,

"INPUT HDMI 4 (2011)","sendir,1:1,1,40000,1,1,96,24,48,24,24,24,48,24,48,24,48,24,24,24,48,24,24,24,48,24,24,24,48,24,48,1032 ","0000 0067 0000 000D 0060 0018 0030 0018 0018 0018 0030 0018 0030 0018 0030 0018 0018 0018 0030 0018 0018 0018 0030 0018 0018 0018 0030 0018 0030 0408",,

"INPUT HDMI 4 ALTERNATE","sendir,1:1,1,40000,1,1,96,24,48,24,24,24,48,24,48,24,48,24,24,24,48,24,24,24,48,24,24,24,48,24,48,1032 ","0000 0067 0000 000D 0060 0018 0030 0018 0018 0018 0030 0018 0030 0018 0030 0018 0018 0018 0030 0018 0018 0018 0030 0018 0018 0018 0030 0018 0030 0408",,

"INPUT HDMI 5","sendir,1:1,1,40000,1,1,96,24,24,24,48,24,48,24,48,24,48,24,24,24,48,24,24,24,48,24,24,24,48,24,48,24,24,24,24,24,24,806 ","0000 0068 0000 0010 0060 0018 0018 0018 0030 0018 0030 0018 0030 0018 0030 0018 0018 0018 0030 0018 0018 0018 0030 0018 0018 0018 0030 0018 0030 0018 0018 0018 0018 0018 0018 0326",,

"INPUT HDMI 5 (2010)","sendir,1:1,1,40000,1,1,96,24,24,24,48,24,48,24,48,24,48,24,24,24,48,24,24,24,48,24,24,24,48,24,48,1032 ","0000 0067 0000 000D 0060 0018 0018 0018 0030 0018 0030 0018 0030 0018 0030 0018 0018 0018 0030 0018 0018 0018 0030 0018 0018 0018 0030 0018 0030 0408",,

"INPUT HDMI 5 (2011)","sendir,1:1,1,40000,1,1,96,24,24,24,48,24,48,24,48,24,48,24,24,24,48,24,24,24,48,24,24,24,48,24,48,1032 ","0000 0067 0000 000D 0060 0018 0018 0018 0030 0018 0030 0018 0030 0018 0030 0018 0018 0018 0030 0018 0018 0018 0030 0018 0018 0018 0030 0018 0030 0408",,

"INPUT HDMI 5 ALTERNATE","sendir,1:1,1,40000,1,1,96,24,24,24,48,24,48,24,48,24,48,24,24,24,48,24,24,24,48,24,24,24,48,24,48,1032 ","0000 0067 0000 000D 0060 0018 0018 0018 0030 0018 0030 0018 0030 0018 0030 0018 0018 0018 0030 0018 0018 0018 0030 0018 0018 0018 0030 0018 0030 0408",,

"INPUT HDMI SCROLL","sendir,1:1,1,40000,1,1,96,24,48,24,24,24,24,24,48,24,48,24,24,24,48,24,24,24,48,24,24,24,48,24,48,1056 ","0000 0068 0000 000D 0060 0018 0030 0018 0018 0018 0018 0018 0030 0018 0030 0018 0018 0018 0030 0018 0018 0018 0030 0018 0018 0018 0030 0018 0030 0420",,

"INPUT MEMORY STICK","sendir,1:1,1,40000,1,1,98,25,49,25,25,25,25,25,25,25,49,25,49,25,25,25,49,25,49,25,49,25,25,25,49,25,25,25,25,25,49,796 ","0000 0068 0000 0010 0062 0019 0031 0019 0019 0019 0019 0019 0019 0019 0031 0019 0031 0019 0019 0019 0031 0019 0031 0019 0031 0019 0019 0019 0031 0019 0019 0019 0019 0019 0031 031c",,

"INPUT OPTION 1","sendir,1:1,1,40000,1,1,95,23,23,23,47,23,23,23,23,23,23,23,47,23,47,23,47,23,47,23,47,23,23,23,47,23,47,23,47,23,23,772 ","0000 0068 0000 0010 005F 0017 0017 0017 002F 0017 0017 0017 0017 0017 0017 0017 002F 0017 002F 0017 002F 0017 002F 0017 002F 0017 0017 0017 002F 0017 002F 0017 002F 0017 0017 0304",,

"INPUT OPTION 2","sendir,1:1,1,40000,1,1,95,23,47,23,47,23,23,23,23,23,23,23,47,23,47,23,47,23,47,23,47,23,23,23,47,23,47,23,47,23,23,748 ","0000 0068 0000 0010 005F 0017 002F 0017 002F 0017 0017 0017 0017 0017 0017 0017 002F 0017 002F 0017 002F 0017 002F 0017 002F 0017 0017 0017 002F 0017 002F 0017 002F 0017 0017 02EC",,

"INPUT PC/RGB","sendir,1:1,1,40000,1,1,96,25,49,25,49,25,25,25,25,25,25,25,25,25,49,25,49,25,25,25,25,25,25,25,25,1013 ","0000 0068 0000 000D 0060 0019 0031 0019 0031 0019 0019 0019 0019 0019 0019 0019 0019 0019 0031 0019 0031 0019 0019 0019 0019 0019 0019 0019 0019 03F5",,

"INPUT SCROLL","sendir,1:1,1,40000,1,1,96,24,48,24,24,24,48,24,24,24,24,24,48,24,24,24,48,24,24,24,24,24,24,24,24,1033 ","0000 0068 0000 000D 0060 0018 0030 0018 0018 0018 0030 0018 0018 0018 0018 0018 0030 0018 0018 0018 0030 0018 0018 0018 0018 0018 0018 0018 0018 0409",,

"INPUT VIDEO 1","sendir,1:1,1,40000,1,1,97,24,24,24,24,24,24,24,24,24,24,24,24,24,48,24,48,24,24,24,24,24,24,24,24,1080 ","0000 0068 0000 000d 0061 0018 0018 0018 0018 0018 0018 0018 0018 0018 0018 0018 0018 0018 0030 0018 0030 0018 0018 0018 0018 0018 0018 0018 0018 0438",,

"INPUT VIDEO 10","sendir,1:1,1,40000,1,1,96,24,48,24,24,24,48,24,48,24,24,24,24,24,48,24,48,24,24,24,24,24,24,24,24,810 ","0000 0068 0000 000d 0060 0018 0030 0018 0018 0018 0030 0018 0030 0018 0018 0018 0018 0018 0030 0018 0030 0018 0018 0018 0018 0018 0018 0018 0018 032a",,

"INPUT VIDEO 11","sendir,1:1,1,40000,1,1,96,24,24,24,48,24,48,24,48,24,24,24,24,24,48,24,48,24,24,24,24,24,24,24,24,810 ","0000 0068 0000 000d 0060 0018 0018 0018 0030 0018 0030 0018 0030 0018 0018 0018 0018 0018 0030 0018 0030 0018 0018 0018 0018 0018 0018 0018 0018 032a",,

"INPUT VIDEO 12","sendir,1:1,1,40000,1,1,96,24,48,24,48,24,48,24,48,24,24,24,24,24,48,24,48,24,24,24,24,24,24,24,24,810 ","0000 0068 0000 000d 0060 0018 0030 0018 0030 0018 0030 0018 0030 0018 0018 0018 0018 0018 0030 0018 0030 0018 0018 0018 0018 0018 0018 0018 0018 032a",,

"INPUT VIDEO 2","sendir,1:1,1,40000,1,1,97,24,48,24,24,24,24,24,24,24,24,24,24,24,48,24,48,24,24,24,24,24,24,24,24,1058 ","0000 0068 0000 000d 0061 0018 0030 0018 0018 0018 0018 0018 0018 0018 0018 0018 0018 0018 0030 0018 0030 0018 0018 0018 0018 0018 0018 0018 0018 0422",,

"INPUT VIDEO 3","sendir,1:1,1,40000,1,1,97,24,24,24,48,24,24,24,24,24,24,24,24,24,48,24,48,24,24,24,24,24,24,24,24,1058 ","0000 0068 0000 000d 0061 0018 0018 0018 0030 0018 0018 0018 0018 0018 0018 0018 0018 0018 0030 0018 0030 0018 0018 0018 0018 0018 0018 0018 0018 0422",,

"INPUT VIDEO 4","sendir,1:1,1,40000,1,1,96,25,48,24,48,24,48,24,24,24,24,25,24,24,48,24,48,24,24,24,24,25,24,24,24,1013 ","0000 0068 0000 000d 0060 0019 0030 0018 0030 0018 0030 0018 0018 0018 0018 0019 0018 0018 0030 0018 0030 0018 0018 0018 0018 0019 0018 0018 0018 03f5",,

"INPUT VIDEO 5","sendir,1:1,1,40000,1,1,96,25,24,24,24,25,24,25,48,24,24,24,24,24,48,24,48,24,24,25,24,24,24,25,24,1058 ","0000 0068 0000 000d 0060 0019 0018 0018 0018 0019 0018 0019 0030 0018 0018 0018 0018 0018 0030 0018 0030 0018 0018 0019 0018 0018 0018 0019 0018 0422",,

"INPUT VIDEO 6","sendir,1:1,1,40000,1,1,96,25,48,24,24,25,24,24,48,24,24,25,24,25,48,24,48,24,24,24,24,24,24,24,24,1035 ","0000 0068 0000 000d 0060 0019 0030 0018 0018 0019 0018 0018 0030 0018 0018 0019 0018 0019 0030 0018 0030 0018 0018 0018 0018 0018 0018 0018 0018 040b",,

"INPUT VIDEO 7","sendir,1:1,1,40000,1,1,96,24,24,24,48,24,24,24,24,24,24,24,24,24,48,24,48,24,48,24,48,24,24,24,48,24,24,24,24,24,48,810 ","0000 0068 0000 0010 0060 0018 0018 0018 0030 0018 0018 0018 0018 0018 0018 0018 0018 0018 0030 0018 0030 0018 0030 0018 0030 0018 0018 0018 0030 0018 0018 0018 0018 0018 0030 032A",,

"INPUT VIDEO 8","sendir,1:1,1,40000,1,1,96,25,49,25,25,25,49,25,25,25,25,25,49,25,49,25,49,25,49,25,49,25,25,25,49,25,49,25,49,25,25,720 ","0000 0068 0000 0010 0060 0019 0031 0019 0019 0019 0031 0019 0019 0019 0019 0019 0031 0019 0031 0019 0031 0019 0031 0019 0031 0019 0019 0019 0031 0019 0031 0019 0031 0019 0019 02D0",,

"INPUT VIDEO 9","sendir,1:1,1,40000,1,1,96,24,24,24,48,24,48,24,24,24,24,24,48,24,48,24,48,24,48,24,48,24,24,24,48,24,48,24,48,24,24,743 ","0000 0068 0000 0010 0060 0018 0018 0018 0030 0018 0030 0018 0018 0018 0018 0018 0030 0018 0030 0018 0030 0018 0030 0018 0030 0018 0018 0018 0030 0018 0030 0018 0030 0018 0018 02E7",,

"INTERNET APPS","sendir,1:1,1,40000,1,1,95,23,23,23,47,23,23,23,47,23,47,23,47,23,47,23,23,23,47,23,23,23,47,23,47,23,23,23,23,23,23,795 ","0000 0068 0000 0010 005F 0017 0017 0017 002F 0017 0017 0017 002F 0017 002F 0017 002F 0017 002F 0017 0017 0017 002F 0017 0017 0017 002F 0017 002F 0017 0017 0017 0017 0017 0017 031B",,

"INTERNET CC SUBTITLE","sendir,1:1,1,40000,1,1,95,23,23,23,23,23,23,23,23,23,47,23,23,23,23,23,23,23,23,23,47,23,23,23,23,23,47,23,23,23,47,870 ","0000 0068 0000 0010 005F 0017 0017 0017 0017 0017 0017 0017 0017 0017 002F 0017 0017 0017 0017 0017 0017 0017 0017 0017 002F 0017 0017 0017 0017 0017 002F 0017 0017 0017 002F 0366",,

"INTERNET QRIOCITY","sendir,1:1,1,40000,1,1,95,23,47,23,23,23,47,23,47,23,47,23,47,23,47,23,23,23,47,23,23,23,47,23,47,23,23,23,23,23,23,750 ","0000 0068 0000 0010 005F 0017 002F 0017 0017 0017 002F 0017 002F 0017 002F 0017 002F 0017 002F 0017 0017 0017 002F 0017 0017 0017 002F 0017 002F 0017 0017 0017 0017 0017 0017 02EE",,

"INTERNET TV","sendir,1:1,1,40000,1,1,96,24,48,24,24,24,24,24,48,24,48,24,48,24,48,24,24,24,48,24,24,24,48,24,48,24,24,24,24,24,24,789 ","0000 0068 0000 0010 0060 0018 0030 0018 0018 0018 0018 0018 0030 0018 0030 0018 0030 0018 0030 0018 0018 0018 0030 0018 0018 0018 0030 0018 0030 0018 0018 0018 0018 0018 0018 0315",,

"INTERNET VIDEO","sendir,1:1,1,40000,1,1,95,23,47,23,23,23,23,23,47,23,47,23,47,23,47,23,23,23,47,23,23,23,47,23,47,23,23,23,23,23,23,774 ","0000 0068 0000 0010 005F 0017 002F 0017 0017 0017 0017 0017 002F 0017 002F 0017 002F 0017 002F 0017 0017 0017 002F 0017 0017 0017 002F 0017 002F 0017 0017 0017 0017 0017 0017 0306",,

"INTERNET WIDGETS","sendir,1:1,1,40000,1,1,95,23,23,23,47,23,23,23,47,23,47,23,47,23,47,23,23,23,47,23,23,23,47,23,47,23,23,23,23,23,23,774 ","0000 0068 0000 0010 005F 0017 0017 0017 002F 0017 0017 0017 002F 0017 002F 0017 002F 0017 002F 0017 0017 0017 002F 0017 0017 0017 002F 0017 002F 0017 0017 0017 0017 0017 0017 0306",,

"KEYPAD","sendir,1:1,1,40000,1,1,96,24,48,24,24,24,48,24,24,24,48,24,48,24,48,24,24,24,48,24,24,24,48,24,48,24,24,24,24,24,24,792 ","0000 0068 0000 0010 0060 0018 0030 0018 0018 0018 0030 0018 0018 0018 0030 0018 0030 0018 0030 0018 0018 0018 0030 0018 0018 0018 0030 0018 0030 0018 0018 0018 0018 0018 0018 0318",,

"MEMORY STICK","sendir,1:1,1,40000,1,1,95,23,47,23,23,23,23,23,23,23,47,23,47,23,23,23,47,23,47,23,47,23,23,23,47,23,23,23,23,23,47,795 ","0000 0068 0000 0010 005F 0017 002F 0017 0017 0017 0017 0017 0017 0017 002F 0017 002F 0017 0017 0017 002F 0017 002F 0017 002F 0017 0017 0017 002F 0017 0017 0017 0017 0017 002F 031B",,

"MENU HOME","sendir,1:1,1,40000,1,1,95,23,23,23,23,23,23,23,23,23,23,23,48,23,48,23,48,23,23,23,23,23,23,23,23,1059 ","0000 0068 0000 000D 005F 0017 0017 0017 0017 0017 0017 0017 0017 0017 0017 0017 0030 0017 0030 0017 0030 0017 0017 0017 0017 0017 0017 0017 0017 0423",,

"MENU MAIN","sendir,1:1,1,40000,1,1,96,24,24,24,24,24,24,24,24,24,24,24,48,24,48,24,48,24,24,24,24,24,24,24,24,1058 ","0000 0068 0000 000d 0060 0018 0018 0018 0018 0018 0018 0018 0018 0018 0018 0018 0030 0018 0030 0018 0030 0018 0018 0018 0018 0018 0018 0018 0018 0422",,

"MENU OPTIONS","sendir,1:1,1,40000,1,1,95,23,23,23,48,23,48,23,23,23,48,23,48,23,23,23,48,23,48,23,48,23,23,23,48,23,23,23,23,23,48,768 ","0000 0068 0000 0010 005F 0017 0017 0017 0030 0017 0030 0017 0017 0017 0030 0017 0030 0017 0017 0017 0030 0017 0030 0017 0030 0017 0017 0017 0030 0017 0017 0017 0017 0017 0030 0300",,

"MENU POP UP","sendir,1:1,1,40000,1,1,96,24,48,24,24,24,24,24,24,24,24,24,48,24,48,24,24,24,48,24,24,24,48,24,48,1080 ","0000 0067 0000 000D 0060 0018 0030 0018 0018 0018 0018 0018 0018 0018 0018 0018 0030 0018 0030 0018 0018 0018 0030 0018 0018 0018 0030 0018 0030 0438",,

"MENU SYNC","sendir,1:1,1,40000,1,1,96,23,23,23,23,23,23,23,47,23,47,23,23,23,47,23,23,23,47,23,23,23,47,23,47,23,23,23,23,23,23,844 ","0000 0068 0000 0010 0060 0017 0017 0017 0017 0017 0017 0017 002F 0017 002F 0017 0017 0017 002F 0017 0017 0017 002F 0017 0017 0017 002F 0017 002F 0017 0017 0017 0017 0017 0017 034C",,

"MENU TOP","sendir,1:1,1,40000,1,1,96,24,24,24,24,24,24,24,24,24,24,24,48,24,48,24,24,24,48,24,24,24,48,24,48,1104 ","0000 0067 0000 000D 0060 0018 0018 0018 0018 0018 0018 0018 0018 0018 0018 0018 0030 0018 0030 0018 0018 0018 0030 0018 0018 0018 0030 0018 0030 0450",,

"MTS SAP","sendir,1:1,1,40000,1,1,95,24,48,24,48,24,48,24,24,24,48,24,24,24,24,24,48,24,24,24,24,24,24,24,24,1004 ","0000 0068 0000 000D 005F 0018 0030 0018 0030 0018 0030 0018 0018 0018 0030 0018 0018 0018 0018 0018 0030 0018 0018 0018 0018 0018 0018 0018 0018 03EC",,

"MUTE TOGGLE","sendir,1:1,1,40000,1,1,96,24,24,24,24,24,48,24,24,24,48,24,24,24,24,24,48,24,24,24,24,24,24,24,24,1058 ","0000 0068 0000 000d 0060 0018 0018 0018 0018 0018 0030 0018 0018 0018 0030 0018 0018 0018 0018 0018 0030 0018 0018 0018 0018 0018 0018 0018 0018 0422",,

"NETFLIX","sendir,1:1,1,40000,1,1,96,24,24,24,24,24,48,24,48,24,48,24,48,24,48,24,24,24,48,24,24,24,48,24,48,1032 ","0000 0068 0000 000D 0060 0018 0018 0018 0018 0018 0030 0018 0030 0018 0030 0018 0030 0018 0030 0018 0018 0018 0030 0018 0018 0018 0030 0018 0030 0408",,

"NEXT","sendir,1:1,1,40000,1,1,96,23,47,23,23,23,47,23,47,23,47,23,47,23,23,23,47,23,47,23,47,23,23,23,47,23,23,23,23,23,47,748 ","0000 0068 0000 0010 0060 0017 002F 0017 0017 0017 002F 0017 002F 0017 002F 0017 002F 0017 0017 0017 002F 0017 002F 0017 002F 0017 0017 0017 002F 0017 0017 0017 0017 0017 002F 02EC",,

"OPTION","sendir,1:1,1,40000,1,1,96,24,24,24,48,24,48,24,24,24,48,24,48,24,24,24,48,24,48,24,48,24,24,24,48,24,24,24,24,24,48,864 ","0000 0067 0000 0010 0060 0018 0018 0018 0030 0018 0030 0018 0018 0018 0030 0018 0030 0018 0018 0018 0030 0018 0030 0018 0030 0018 0018 0018 0030 0018 0018 0018 0018 0018 0030 0360",,

"PAUSE","sendir,1:1,1,40000,1,1,96,23,47,23,23,23,23,23,47,23,47,23,23,23,23,23,47,23,47,23,47,23,23,23,47,23,23,23,23,23,47,795 ","0000 0068 0000 0010 0060 0017 002F 0017 0017 0017 0017 0017 002F 0017 002F 0017 0017 0017 0017 0017 002F 0017 002F 0017 002F 0017 0017 0017 002F 0017 0017 0017 0017 0017 002F 031B",,

"PHOTO FRAME","sendir,1:1,1,40000,1,1,96,23,47,23,23,23,47,23,47,23,47,23,47,23,47,23,23,23,47,23,23,23,47,23,47,23,23,23,23,23,23,772 ","0000 0068 0000 0010 0060 0017 002F 0017 0017 0017 002F 0017 002F 0017 002F 0017 002F 0017 002F 0017 0017 0017 002F 0017 0017 0017 002F 0017 002F 0017 0017 0017 0017 0017 0017 0304",,

"PICTURE MODE","sendir,1:1,1,40000,1,1,96,24,24,24,24,24,48,24,24,24,24,24,48,24,48,24,48,24,24,24,24,24,24,24,24,1033 ","0000 0068 0000 000D 0060 0018 0018 0018 0018 0018 0030 0018 0018 0018 0018 0018 0030 0018 0030 0018 0030 0018 0018 0018 0018 0018 0018 0018 0018 0409",,

"PICTURE OFF","sendir,1:1,1,40000,1,1,96,24,24,24,48,24,48,24,48,24,48,24,48,24,24,24,48,24,24,24,24,24,24,24,24,980 ","0000 0068 0000 000D 0060 0018 0018 0018 0030 0018 0030 0018 0030 0018 0030 0018 0030 0018 0018 0018 0030 0018 0018 0018 0018 0018 0018 0018 0018 03D4",,

"PIP CHANNEL DOWN","sendir,1:1,1,40000,1,1,96,24,48,24,24,24,24,24,48,24,48,24,24,24,48,24,48,24,24,24,24,24,24,24,24,1104 ","0000 0067 0000 000D 0060 0018 0030 0018 0018 0018 0018 0018 0030 0018 0030 0018 0018 0018 0030 0018 0030 0018 0018 0018 0018 0018 0018 0018 0018 0450",,

"PIP CHANNEL UP","sendir,1:1,1,40000,1,1,96,24,24,24,24,24,24,24,48,24,48,24,24,24,48,24,48,24,24,24,24,24,24,24,24,1128 ","0000 0067 0000 000D 0060 0018 0018 0018 0018 0018 0018 0018 0030 0018 0030 0018 0018 0018 0030 0018 0030 0018 0018 0018 0018 0018 0018 0018 0018 0468",,

"PIP OFF","sendir,1:1,1,40000,1,1,97,24,24,24,48,24,48,24,48,24,24,24,48,24,48,24,24,24,24,24,48,24,24,24,24,24,48,24,24,24,48,793 ","0000 0068 0000 0010 0061 0018 0018 0018 0030 0018 0030 0018 0030 0018 0018 0018 0030 0018 0030 0018 0018 0018 0018 0018 0030 0018 0018 0018 0018 0018 0030 0018 0018 0018 0030 0319",,

"PIP POSITION","sendir,1:1,1,40000,1,1,96,24,24,24,48,24,48,24,48,24,48,24,24,24,48,24,48,24,24,24,24,24,24,24,24,1080 ","0000 0067 0000 000D 0060 0018 0018 0018 0030 0018 0030 0018 0030 0018 0030 0018 0018 0018 0030 0018 0030 0018 0018 0018 0018 0018 0018 0018 0018 0438",,

"PIP TV / VIDEO","sendir,1:1,1,40000,1,1,96,24,24,24,48,24,24,24,48,24,48,24,24,24,48,24,48,24,24,24,24,24,24,24,24,1104 ","0000 0067 0000 000D 0060 0018 0018 0018 0030 0018 0018 0018 0030 0018 0030 0018 0018 0018 0030 0018 0030 0018 0018 0018 0018 0018 0018 0018 0018 0450",,

"PLAY","sendir,1:1,1,40000,1,1,96,23,23,23,47,23,23,23,47,23,47,23,23,23,23,23,47,23,47,23,47,23,23,23,47,23,23,23,23,23,47,796 ","0000 0068 0000 0010 0060 0017 0017 0017 002F 0017 0017 0017 002F 0017 002F 0017 0017 0017 0017 0017 002F 0017 002F 0017 002F 0017 0017 0017 002F 0017 0017 0017 0017 0017 002F 031C",,

"POWER OFF","sendir,1:1,1,40000,1,1,96,24,48,24,48,24,48,24,48,24,24,24,48,24,24,24,48,24,24,24,24,24,24,24,24,990 ","0000 0068 0000 000d 0060 0018 0030 0018 0030 0018 0030 0018 0030 0018 0018 0018 0030 0018 0018 0018 0030 0018 0018 0018 0018 0018 0018 0018 0018 03de",,

"POWER ON","sendir,1:1,1,40000,1,1,96,24,24,24,48,24,48,24,48,24,24,24,48,24,24,24,48,24,24,24,24,24,24,24,24,1013 ","0000 0068 0000 000d 0060 0018 0018 0018 0030 0018 0030 0018 0030 0018 0018 0018 0030 0018 0018 0018 0030 0018 0018 0018 0018 0018 0018 0018 0018 03f5",,

"POWER SAVING","sendir,1:1,1,40000,1,1,96,23,23,23,47,23,47,23,23,23,47,23,47,23,23,23,47,23,47,23,47,23,23,23,47,23,47,23,47,23,23,747 ","0000 0068 0000 0010 0060 0017 0017 0017 002F 0017 002F 0017 0017 0017 002F 0017 002F 0017 0017 0017 002F 0017 002F 0017 002F 0017 0017 0017 002F 0017 002F 0017 002F 0017 0017 02EB",,

"POWER TOGGLE","sendir,1:1,1,40000,1,1,96,24,48,24,24,24,48,24,24,24,48,24,24,24,24,24,48,24,24,24,24,24,24,24,24,1035 ","0000 0068 0000 000d 0060 0018 0030 0018 0018 0018 0030 0018 0018 0018 0030 0018 0018 0018 0018 0018 0030 0018 0018 0018 0018 0018 0018 0018 0018 040b",,

"PREVIOUS","sendir,1:1,1,40000,1,1,96,23,23,23,23,23,47,23,47,23,47,23,47,23,23,23,47,23,47,23,47,23,23,23,47,23,23,23,23,23,47,772 ","0000 0068 0000 0010 0060 0017 0017 0017 0017 0017 002F 0017 002F 0017 002F 0017 002F 0017 0017 0017 002F 0017 002F 0017 002F 0017 0017 0017 002F 0017 0017 0017 0017 0017 002F 0304",,

"PREVIOUS CHANNEL","sendir,1:1,1,40000,1,1,96,24,48,24,48,24,24,24,48,24,48,24,48,24,24,24,48,24,24,24,24,24,24,24,24,990 ","0000 0068 0000 000d 0060 0018 0030 0018 0030 0018 0018 0018 0030 0018 0030 0018 0030 0018 0018 0018 0030 0018 0018 0018 0018 0018 0018 0018 0018 03de",,

"QRIOCITY","sendir,1:1,1,40000,1,1,96,23,47,23,23,23,47,23,47,23,47,23,47,23,47,23,23,23,47,23,23,23,47,23,47,23,23,23,23,23,23,772 ","0000 0068 0000 0010 0060 0017 002F 0017 0017 0017 002F 0017 002F 0017 002F 0017 002F 0017 002F 0017 0017 0017 002F 0017 0017 0017 002F 0017 002F 0017 0017 0017 0017 0017 0017 0304",,

"RECORD","sendir,1:1,1,40000,1,1,96,24,24,25,24,24,24,24,24,24,24,24,48,24,24,24,48,24,48,24,48,24,24,24,48,24,24,24,24,24,48,836 ","0000 0068 0000 0010 0060 0018 0018 0019 0018 0018 0018 0018 0018 0018 0018 0018 0030 0018 0018 0018 0030 0018 0030 0018 0030 0018 0018 0018 0030 0018 0018 0018 0018 0018 0030 0344",,

"RELATED SEARCH","sendir,1:1,1,40000,1,1,96,24,24,24,48,24,48,24,48,24,48,24,48,24,48,24,24,24,48,24,24,24,48,24,48,24,24,24,24,24,24,765 ","0000 0068 0000 0010 0060 0018 0018 0018 0030 0018 0030 0018 0030 0018 0030 0018 0030 0018 0030 0018 0018 0018 0030 0018 0018 0018 0030 0018 0030 0018 0018 0018 0018 0018 0018 02FD",,

"RESET","sendir,1:1,1,40000,1,1,96,24,24,24,48,24,48,24,24,24,48,24,24,24,24,24,48,24,24,24,24,24,24,24,24,1033 ","0000 0068 0000 000D 0060 0018 0018 0018 0030 0018 0030 0018 0018 0018 0030 0018 0018 0018 0018 0018 0030 0018 0018 0018 0018 0018 0018 0018 0018 0409",,

"RETURN","sendir,1:1,1,40000,1,1,96,24,48,24,48,24,24,24,24,24,24,24,48,24,24,24,48,24,48,24,48,24,24,24,48,24,24,24,24,24,48,772 ","0000 0068 0000 0010 0060 0018 0030 0018 0030 0018 0018 0018 0018 0018 0018 0018 0030 0018 0018 0018 0030 0018 0030 0018 0030 0018 0018 0018 0030 0018 0018 0018 0018 0018 0030 0304",,

"REVERSE","sendir,1:1,1,40000,1,1,96,23,47,23,47,23,23,23,47,23,47,23,23,23,23,23,47,23,47,23,47,23,23,23,47,23,23,23,23,23,47,772 ","0000 0068 0000 0010 0060 0017 002F 0017 002F 0017 0017 0017 002F 0017 002F 0017 0017 0017 0017 0017 002F 0017 002F 0017 002F 0017 0017 0017 002F 0017 0017 0017 0017 0017 002F 0304",,

"SCENE","sendir,1:1,1,40000,1,1,96,23,23,23,23,23,23,23,47,23,47,23,47,23,47,23,23,23,47,23,23,23,47,23,47,23,23,23,23,23,23,820 ","0000 0068 0000 0010 0060 0017 0017 0017 0017 0017 0017 0017 002F 0017 002F 0017 002F 0017 002F 0017 0017 0017 002F 0017 0017 0017 002F 0017 002F 0017 0017 0017 0017 0017 0017 0334",,

"SLEEP","sendir,1:1,1,40000,1,1,96,24,24,24,48,24,48,24,24,24,48,24,48,24,24,24,48,24,24,24,24,24,24,24,24,1009 ","0000 0068 0000 000D 0060 0018 0018 0018 0030 0018 0030 0018 0018 0018 0030 0018 0030 0018 0018 0018 0030 0018 0018 0018 0018 0018 0018 0018 0018 03F1",,

"SOCIAL VIEW","sendir,1:1,1,40000,1,1,96,24,24,24,24,24,48,24,24,24,48,24,48,24,48,24,24,24,48,24,24,24,48,24,48,24,24,24,24,24,24,813 ","0000 0068 0000 0010 0060 0018 0018 0018 0018 0018 0030 0018 0018 0018 0030 0018 0030 0018 0030 0018 0018 0018 0030 0018 0018 0018 0030 0018 0030 0018 0018 0018 0018 0018 0018 032D",,

"SOUND MODE","sendir,1:1,1,40000,1,1,95,23,47,23,47,23,23,23,47,23,47,23,47,23,47,23,47,23,47,23,47,23,23,23,47,23,23,23,23,23,47,722 ","0000 0068 0000 0010 005F 0017 002F 0017 002F 0017 0017 0017 002F 0017 002F 0017 002F 0017 002F 0017 002F 0017 002F 0017 002F 0017 0017 0017 002F 0017 0017 0017 0017 0017 002F 02D2",,

"STEREO / MONO","sendir,1:1,1,40000,1,1,96,24,48,24,24,24,24,24,48,24,24,24,48,24,48,24,48,24,24,24,24,24,24,24,24,1104 ","0000 0067 0000 000D 0060 0018 0030 0018 0018 0018 0018 0018 0030 0018 0018 0018 0030 0018 0030 0018 0030 0018 0018 0018 0018 0018 0018 0018 0018 0450",,

"STOP","sendir,1:1,1,40000,1,1,96,23,23,23,23,23,23,23,47,23,47,23,23,23,23,23,47,23,47,23,47,23,23,23,47,23,23,23,23,23,47,820 ","0000 0068 0000 0010 0060 0017 0017 0017 0017 0017 0017 0017 002F 0017 002F 0017 0017 0017 0017 0017 002F 0017 002F 0017 002F 0017 0017 0017 002F 0017 0017 0017 0017 0017 002F 0334",,

"STORE MODE","sendir,1:1,1,40000,1,1,96,24,24,24,49,24,24,24,49,24,24,24,49,24,49,24,49,24,49,24,49,24,24,24,49,24,24,24,24,24,49,743 ","0000 0068 0000 0010 0060 0018 0018 0018 0031 0018 0018 0018 0031 0018 0018 0018 0031 0018 0031 0018 0031 0018 0031 0018 0031 0018 0018 0018 0031 0018 0018 0018 0018 0018 0031 02E7",,

"SUBTITLE","sendir,1:1,1,40000,1,1,96,24,24,24,24,24,24,24,48,24,24,24,48,25,24,24,48,24,48,24,48,24,24,24,48,24,24,24,24,24,48,812 ","0000 0068 0000 0010 0060 0018 0018 0018 0018 0018 0018 0018 0030 0018 0018 0018 0030 0019 0018 0018 0030 0018 0030 0018 0030 0018 0018 0018 0030 0018 0018 0018 0018 0018 0030 032C",,

"TABLET CHANGE","sendir,1:1,1,40000,1,1,96,24,24,24,24,24,48,24,24,24,48,24,24,24,48,24,48,24,24,24,24,24,24,24,24,1128 ","0000 0067 0000 000D 0060 0018 0018 0018 0018 0018 0030 0018 0018 0018 0030 0018 0018 0018 0030 0018 0030 0018 0018 0018 0018 0018 0018 0018 0018 0468",,

"TELETEXT","sendir,1:1,1,40000,1,1,96,24,48,24,48,24,48,25,48,24,48,24,48,24,24,24,48,24,24,24,24,24,24,24,24,956 ","0000 0068 0000 000D 0060 0018 0030 0018 0030 0018 0030 0019 0030 0018 0030 0018 0030 0018 0018 0018 0030 0018 0018 0018 0018 0018 0018 0018 0018 03BC",,

"TELETEXT HOLD","sendir,1:1,1,40000,1,1,96,24,48,24,24,24,48,24,24,24,24,24,48,24,24,24,48,24,24,24,24,24,24,24,24,1026 ","0000 0068 0000 000D 0060 0018 0030 0018 0018 0018 0030 0018 0018 0018 0018 0018 0030 0018 0018 0018 0030 0018 0018 0018 0018 0018 0018 0018 0018 0402",,

"TELETEXT PAGE DOWN","sendir,1:1,1,40000,1,1,96,24,48,24,24,24,24,24,24,24,48,24,24,24,24,24,48,24,24,24,24,24,24,24,24,1051 ","0000 0068 0000 000D 0060 0018 0030 0018 0018 0018 0018 0018 0018 0018 0030 0018 0018 0018 0018 0018 0030 0018 0018 0018 0018 0018 0018 0018 0018 041B",,

"TELETEXT PAGE UP","sendir,1:1,1,40000,1,1,96,24,24,24,24,24,24,25,24,24,48,24,24,24,24,24,48,24,24,24,24,24,24,24,24,1076 ","0000 0068 0000 000D 0060 0018 0018 0018 0018 0018 0018 0019 0018 0018 0030 0018 0018 0018 0018 0018 0030 0018 0018 0018 0018 0018 0018 0018 0018 0434",,

"TELETEXT REVEAL","sendir,1:1,1,40000,1,1,96,24,24,24,48,24,24,24,48,24,48,24,48,24,24,24,48,24,24,24,24,24,24,24,24,1005 ","0000 0068 0000 000D 0060 0018 0018 0018 0030 0018 0018 0018 0030 0018 0030 0018 0030 0018 0018 0018 0030 0018 0018 0018 0018 0018 0018 0018 0018 03ED",,

"THEATER","sendir,1:1,1,40000,1,1,96,23,23,23,23,23,23,23,23,23,23,23,47,23,47,23,47,23,47,23,47,23,23,23,47,23,47,23,47,23,23,796 ","0000 0068 0000 0010 0060 0017 0017 0017 0017 0017 0017 0017 0017 0017 0017 0017 002F 0017 002F 0017 002F 0017 002F 0017 002F 0017 0017 0017 002F 0017 002F 0017 002F 0017 0017 031C",,

"THEATER MODE","sendir,1:1,1,40000,1,1,95,23,23,23,23,23,23,23,23,23,23,23,48,23,48,23,48,23,48,23,48,23,23,23,48,23,48,23,48,23,23,793 ","0000 0068 0000 0010 005F 0017 0017 0017 0017 0017 0017 0017 0017 0017 0017 0017 0030 0017 0030 0017 0030 0017 0030 0017 0030 0017 0017 0017 0030 0017 0030 0017 0030 0017 0017 0319",,

"TIMER","sendir,1:1,1,40000,1,1,96,24,24,24,24,24,48,24,48,24,48,24,48,24,24,24,48,24,24,24,24,24,24,24,24,1104 ","0000 0067 0000 000D 0060 0018 0018 0018 0018 0018 0030 0018 0030 0018 0030 0018 0030 0018 0018 0018 0030 0018 0018 0018 0018 0018 0018 0018 0018 0450",,

"TIMER DOWN","sendir,1:1,1,40000,1,1,96,24,24,24,48,24,24,24,24,24,48,24,48,24,24,24,48,24,24,24,24,24,24,24,24,1128 ","0000 0067 0000 000D 0060 0018 0018 0018 0030 0018 0018 0018 0018 0018 0030 0018 0030 0018 0018 0018 0030 0018 0018 0018 0018 0018 0018 0018 0018 0468",,

"TIMER UP","sendir,1:1,1,40000,1,1,96,24,48,24,24,24,24,24,24,24,48,24,48,24,24,24,48,24,24,24,24,24,24,24,24,1128 ","0000 0067 0000 000D 0060 0018 0030 0018 0018 0018 0018 0018 0018 0018 0030 0018 0030 0018 0018 0018 0030 0018 0018 0018 0018 0018 0018 0018 0018 0468",,

"TRACK ID","sendir,1:1,1,40000,1,1,96,23,23,23,47,23,47,23,47,23,47,23,47,23,47,23,23,23,47,23,23,23,47,23,47,23,23,23,23,23,23,772 ","0000 0068 0000 0010 0060 0017 0017 0017 002F 0017 002F 0017 002F 0017 002F 0017 002F 0017 002F 0017 0017 0017 002F 0017 0017 0017 002F 0017 002F 0017 0017 0017 0017 0017 0017 0304",,

"TREBLE DOWN","sendir,1:1,1,40000,1,1,96,24,48,24,24,24,24,24,24,24,48,24,48,24,48,24,48,24,24,24,24,24,24,24,24,1106 ","0000 0068 0000 000d 0060 0018 0030 0018 0018 0018 0018 0018 0018 0018 0030 0018 0030 0018 0030 0018 0030 0018 0018 0018 0018 0018 0018 0018 0018 0452",,

"TREBLE UP","sendir,1:1,1,40000,1,1,96,24,24,24,24,24,24,24,24,24,48,24,48,24,48,24,48,24,24,24,24,24,24,24,24,1106 ","0000 0068 0000 000d 0060 0018 0018 0018 0018 0018 0018 0018 0018 0018 0030 0018 0030 0018 0030 0018 0030 0018 0018 0018 0018 0018 0018 0018 0018 0452",,

"TWIN VIEW","sendir,1:1,1,40000,1,1,95,23,47,23,47,23,47,23,23,23,47,23,47,23,47,23,23,23,23,23,47,23,23,23,23,23,47,23,23,23,47,772 ","0000 0068 0000 0010 005F 0017 002F 0017 002F 0017 002F 0017 0017 0017 002F 0017 002F 0017 002F 0017 0017 0017 0017 0017 002F 0017 0017 0017 0017 0017 002F 0017 0017 0017 002F 0304",,

"VELOCITY SCAN TOGGLE","sendir,1:1,1,40000,1,1,96,24,48,24,24,24,48,24,48,24,24,24,24,24,48,24,24,24,24,24,48,24,24,24,24,24,48,24,24,24,48,794 ","0000 0068 0000 0010 0060 0018 0030 0018 0018 0018 0030 0018 0030 0018 0018 0018 0018 0018 0030 0018 0018 0018 0018 0018 0030 0018 0018 0018 0018 0018 0030 0018 0018 0018 0030 031a",,

"VOLUME DOWN","sendir,1:1,1,40000,1,1,96,24,48,24,48,24,24,24,24,24,48,24,24,24,24,24,48,24,24,24,24,24,24,24,24,1035 ","0000 0068 0000 000d 0060 0018 0030 0018 0030 0018 0018 0018 0018 0018 0030 0018 0018 0018 0018 0018 0030 0018 0018 0018 0018 0018 0018 0018 0018 040b",,

"VOLUME UP","sendir,1:1,1,40000,1,1,96,24,24,24,48,24,24,24,24,24,48,24,24,24,24,24,48,24,24,24,24,24,24,24,24,1058 ","0000 0068 0000 000d 0060 0018 0018 0018 0030 0018 0018 0018 0018 0018 0030 0018 0018 0018 0018 0018 0030 0018 0018 0018 0018 0018 0018 0018 0018 0422",,

"WIDGETS","sendir,1:1,1,40000,1,1,97,24,24,24,48,24,24,24,48,24,48,24,48,24,48,24,24,24,48,24,24,24,48,24,48,24,24,24,24,24,24,796 ","0000 0068 0000 0010 0061 0018 0018 0018 0030 0018 0018 0018 0030 0018 0030 0018 0030 0018 0030 0018 0018 0018 0030 0018 0018 0018 0030 0018 0030 0018 0018 0018 0018 0018 0018 031C",,

"ZOOM","sendir,1:1,1,40000,1,1,96,24,24,24,48,24,24,24,48,24,48,24,48,24,48,24,24,24,24,24,48,24,24,24,24,24,48,24,24,24,48,888 ","0000 0067 0000 0010 0060 0018 0018 0018 0030 0018 0018 0018 0030 0018 0030 0018 0030 0018 0030 0018 0018 0018 0018 0018 0030 0018 0018 0018 0018 0018 0030 0018 0018 0018 0030 0378",,
